2020/01/25 19:23:10
SIZE
10
OWNGRID
|w,1|w,1|w,0|w,1|w,1|w,1|w,1|12,3,VERTICAL,1,1,1|w,1|w,1
|w,1|w,1|10,4,HORIZONTAL,0,0,0,0|10,4,HORIZONTAL,0,0,0,0|10,4,HORIZONTAL,0,0,0,0|10,4,HORIZONTAL,0,0,0,0|w,1|12,3,VERTICAL,1,1,1|w,1|w,1
|w,1|w,1|w,1|w,1|w,1|w,1|w,1|12,3,VERTICAL,1,1,1|w,0|11,4,VERTICAL,1,1,1,1
|w,1|w,0|w,1|w,1|w,1|w,1|w,1|w,1|w,1|11,4,VERTICAL,1,1,1,1
|w,0|7,5,HORIZONTAL,1,1,1,1,1|7,5,HORIZONTAL,1,1,1,1,1|7,5,HORIZONTAL,1,1,1,1,1|7,5,HORIZONTAL,1,1,1,1,1|7,5,HORIZONTAL,1,1,1,1,1|w,1|w,1|w,1|11,4,VERTICAL,1,1,1,1
|w,1|w,1|w,1|w,0|w,1|w,0|w,1|w,1|w,1|11,4,VERTICAL,1,1,1,1
|w,1|w,1|w,1|w,1|w,1|w,1|w,1|w,1|w,0|w,1
|8,2,HORIZONTAL,0,0|8,2,HORIZONTAL,0,0|w,1|w,0|w,0|9,2,HORIZONTAL,0,0|9,2,HORIZONTAL,0,0|w,0|13,3,VERTICAL,0,0,0|w,0
|w,1|w,1|w,1|w,1|w,1|w,0|w,1|w,1|13,3,VERTICAL,0,0,0|w,1
|w,1|w,1|w,1|w,1|w,1|w,1|w,1|w,1|13,3,VERTICAL,0,0,0|w,1
OTHERGRID
|-1|-1|-1|-1|-1|-1|-1|-1|-1|-1
|-1|-1|-1|0|-1|-1|-1|-1|-1|-1
|0|-1|0|0|0|0|0|-1|-1|-1
|-1|-1|0|18,3,HORIZONTAL,0,0,0|18,3,HORIZONTAL,0,0,0|18,3,HORIZONTAL,0,0,0|0|-1|-1|-1
|0|-1|0|0|0|0|0|-1|-1|-1
|-1|-1|-1|-1|-1|-1|0|-1|-1|-1
|-1|-1|0|-1|-1|-1|-1|-1|-1|-1
|0|-1|-1|-1|-1|-1|-1|-1|-1|-1
|-1|-1|-1|-1|-1|-1|-1|0|-1|-1
|-1|0|-1|-1|-1|0|-1|-1|-1|-1
