2020/01/25 19:22:36
SIZE
10
OWNGRID
|w,1|w,1|w,1|w,1|w,1|w,1|w,1|w,1|w,1|w,1
|w,1|w,1|9,5,HORIZONTAL,1,1,1,1,1|9,5,HORIZONTAL,1,1,1,1,1|9,5,HORIZONTAL,1,1,1,1,1|9,5,HORIZONTAL,1,1,1,1,1|9,5,HORIZONTAL,1,1,1,1,1|w,1|w,1|w,1
|w,1|w,1|w,1|w,1|w,1|w,1|w,1|w,1|w,1|10,4,VERTICAL,1,1,1,1
|13,2,HORIZONTAL,1,1|13,2,HORIZONTAL,1,1|w,1|8,4,VERTICAL,1,1,1,1|w,1|w,1|w,1|w,1|w,1|10,4,VERTICAL,1,1,1,1
|w,1|w,1|w,1|8,4,VERTICAL,1,1,1,1|w,1|w,0|w,1|w,1|w,1|10,4,VERTICAL,1,1,1,1
|w,1|w,0|w,1|8,4,VERTICAL,1,1,1,1|w,1|w,1|w,1|w,1|w,1|10,4,VERTICAL,1,1,1,1
|w,1|w,1|w,1|8,4,VERTICAL,1,1,1,1|w,1|w,1|w,1|w,1|w,1|w,1
|w,1|w,1|w,1|w,1|w,1|w,1|w,1|7,3,HORIZONTAL,1,1,1|7,3,HORIZONTAL,1,1,1|7,3,HORIZONTAL,1,1,1
|w,1|w,1|w,1|w,1|w,1|w,1|w,1|w,1|w,1|w,1
|11,3,HORIZONTAL,1,1,1|11,3,HORIZONTAL,1,1,1|11,3,HORIZONTAL,1,1,1|w,1|w,1|w,1|w,1|12,2,HORIZONTAL,1,1|12,2,HORIZONTAL,1,1|w,0
OTHERGRID
|-1|-1|-1|-1|-1|-1|-1|-1|-1|-1
|-1|-1|-1|-1|-1|-1|-1|-1|-1|-1
|-1|-1|-1|-1|-1|-1|0|-1|-1|-1
|-1|-1|-1|-1|-1|-1|-1|-1|-1|-1
|-1|-1|-1|-1|0|0|0|-1|-1|-1
|-1|-1|-1|-1|0|14,4,VERTICAL,0,0,0,0|0|-1|-1|-1
|-1|-1|-1|-1|0|14,4,VERTICAL,0,0,0,0|0|-1|-1|-1
|-1|-1|-1|-1|0|14,4,VERTICAL,0,0,0,0|0|-1|-1|-1
|-1|-1|-1|-1|0|14,4,VERTICAL,0,0,0,0|0|-1|-1|-1
|-1|-1|-1|-1|0|0|0|-1|-1|-1
