2020/01/27 17:44:37
SIZE
10
OWNGRID
|w,1|8,4,VERTICAL,1,1,1,1|w,1|13,2,VERTICAL,1,1|w,1|w,1|w,1|w,1|w,1|w,1
|w,1|8,4,VERTICAL,1,1,1,1|w,1|13,2,VERTICAL,1,1|w,1|w,1|w,1|w,1|w,1|w,1
|w,1|8,4,VERTICAL,1,1,1,1|w,1|w,1|w,1|7,4,HORIZONTAL,1,1,1,1|7,4,HORIZONTAL,1,1,1,1|7,4,HORIZONTAL,1,1,1,1|7,4,HORIZONTAL,1,1,1,1|w,1
|w,1|8,4,VERTICAL,1,1,1,1|w,1|w,1|w,1|w,1|w,1|w,1|w,1|w,1
|w,1|w,1|w,1|w,1|w,1|w,1|w,1|w,1|w,1|w,1
|w,1|12,3,VERTICAL,1,1,1|w,1|10,3,VERTICAL,1,1,1|w,1|w,1|9,2,VERTICAL,1,1|w,1|w,1|11,5,VERTICAL,1,1,1,1,1
|w,1|12,3,VERTICAL,1,1,1|w,1|10,3,VERTICAL,1,1,1|w,1|w,1|9,2,VERTICAL,1,1|w,1|w,1|11,5,VERTICAL,1,1,1,1,1
|w,1|12,3,VERTICAL,1,1,1|w,1|10,3,VERTICAL,1,1,1|w,1|w,1|w,1|w,1|w,1|11,5,VERTICAL,1,1,1,1,1
|w,1|w,1|w,1|w,1|w,1|w,0|w,1|w,1|w,1|11,5,VERTICAL,1,1,1,1,1
|w,1|w,1|w,1|w,1|w,1|w,1|w,1|w,1|w,1|11,5,VERTICAL,1,1,1,1,1
OTHERGRID
|-1|-1|-1|-1|-1|-1|-1|-1|-1|-1
|-1|-1|-1|-1|-1|-1|-1|-1|-1|-1
|-1|-1|-1|-1|-1|-1|-1|-1|-1|-1
|-1|-1|-1|-1|-1|-1|-1|-1|-1|-1
|-1|-1|-1|-1|-1|-1|-1|-1|-1|-1
|-1|-1|-1|-1|-1|-1|-1|-1|-1|-1
|-1|-1|-1|-1|-1|-1|-1|-1|-1|-1
|-1|-1|-1|-1|-1|-1|-1|-1|-1|-1
|-1|-1|-1|-1|-1|-1|-1|-1|-1|-1
|-1|-1|-1|-1|-1|-1|-1|-1|-1|-1
