2020/01/27 17:44:37
SIZE
10
OWNGRID
|w,1|w,1|w,1|w,1|w,1|w,1|w,1|w,1|w,1|5,4,VERTICAL,1,1,1,1
|w,1|w,1|w,1|w,1|w,1|3,2,HORIZONTAL,1,1|3,2,HORIZONTAL,1,1|w,1|w,1|5,4,VERTICAL,1,1,1,1
|w,1|w,1|w,1|w,1|w,1|w,1|w,1|w,1|w,1|5,4,VERTICAL,1,1,1,1
|w,1|w,1|w,1|0,5,HORIZONTAL,1,1,1,1,1|0,5,HORIZONTAL,1,1,1,1,1|0,5,HORIZONTAL,1,1,1,1,1|0,5,HORIZONTAL,1,1,1,1,1|0,5,HORIZONTAL,1,1,1,1,1|w,1|5,4,VERTICAL,1,1,1,1
|w,1|w,1|w,1|w,1|w,1|w,1|w,1|w,1|w,1|w,1
|w,1|w,1|w,1|w,1|w,1|w,1|w,1|w,1|w,1|1,2,VERTICAL,1,1
|2,3,HORIZONTAL,1,1,1|2,3,HORIZONTAL,1,1,1|2,3,HORIZONTAL,1,1,1|w,1|w,1|4,4,VERTICAL,1,1,1,1|w,1|w,1|w,1|1,2,VERTICAL,1,1
|w,1|w,1|w,1|w,1|w,1|4,4,VERTICAL,1,1,1,1|w,1|w,1|w,1|w,1
|w,1|w,1|w,1|w,1|w,1|4,4,VERTICAL,1,1,1,1|w,1|w,1|w,1|w,1
|w,1|w,1|w,1|w,1|w,1|4,4,VERTICAL,1,1,1,1|w,1|6,3,HORIZONTAL,1,1,1|6,3,HORIZONTAL,1,1,1|6,3,HORIZONTAL,1,1,1
OTHERGRID
|-1|-1|-1|-1|-1|-1|-1|-1|-1|-1
|-1|-1|-1|-1|-1|-1|-1|-1|-1|-1
|-1|-1|-1|-1|-1|-1|-1|-1|-1|-1
|-1|-1|-1|-1|-1|-1|-1|-1|-1|-1
|-1|-1|-1|-1|-1|-1|-1|-1|-1|-1
|-1|-1|-1|-1|-1|-1|-1|-1|-1|-1
|-1|-1|-1|-1|-1|-1|-1|-1|-1|-1
|-1|-1|-1|-1|-1|-1|-1|-1|-1|-1
|-1|-1|-1|-1|-1|0|-1|-1|-1|-1
|-1|-1|-1|-1|-1|-1|-1|-1|-1|-1
