2020/01/25 19:22:36
SIZE
10
OWNGRID
|w,1|w,1|w,1|w,1|w,1|w,1|w,1|w,1|w,1|w,1
|w,1|5,2,VERTICAL,1,1|w,1|w,1|w,1|w,1|w,1|6,2,HORIZONTAL,1,1|6,2,HORIZONTAL,1,1|w,1
|w,1|5,2,VERTICAL,1,1|w,1|w,1|w,1|w,1|w,0|w,1|w,1|w,1
|w,1|w,1|w,1|w,1|w,1|w,1|3,3,HORIZONTAL,1,1,1|3,3,HORIZONTAL,1,1,1|3,3,HORIZONTAL,1,1,1|w,1
|w,1|w,1|4,3,VERTICAL,1,1,1|w,1|w,1|w,0|w,1|w,1|w,1|w,1
|2,5,VERTICAL,1,1,1,1,1|w,1|4,3,VERTICAL,1,1,1|w,1|w,1|0,4,VERTICAL,0,0,0,0|w,1|w,1|w,1|w,1
|2,5,VERTICAL,1,1,1,1,1|w,1|4,3,VERTICAL,1,1,1|w,1|w,1|0,4,VERTICAL,0,0,0,0|w,1|w,1|1,4,VERTICAL,1,1,1,1|w,1
|2,5,VERTICAL,1,1,1,1,1|w,1|w,1|w,1|w,1|0,4,VERTICAL,0,0,0,0|w,1|w,1|1,4,VERTICAL,1,1,1,1|w,1
|2,5,VERTICAL,1,1,1,1,1|w,1|w,1|w,1|w,1|0,4,VERTICAL,0,0,0,0|w,1|w,1|1,4,VERTICAL,1,1,1,1|w,1
|2,5,VERTICAL,1,1,1,1,1|w,1|w,1|w,1|w,1|w,1|w,1|w,1|1,4,VERTICAL,1,1,1,1|w,1
OTHERGRID
|-1|-1|-1|-1|-1|-1|-1|-1|-1|-1
|-1|-1|-1|-1|-1|-1|-1|-1|-1|-1
|-1|-1|-1|-1|-1|-1|-1|-1|-1|-1
|-1|-1|-1|-1|-1|-1|-1|-1|-1|-1
|-1|-1|-1|-1|-1|0|-1|-1|-1|-1
|-1|0|-1|-1|-1|-1|-1|-1|-1|-1
|-1|-1|-1|-1|-1|-1|-1|-1|-1|-1
|-1|-1|-1|-1|-1|-1|-1|-1|-1|-1
|-1|-1|-1|-1|-1|-1|-1|-1|-1|-1
|-1|-1|-1|-1|-1|-1|-1|-1|-1|0
